1 wheatbread 1000 500 0 7
2 sesamebread 1000 500 25 30
3 chicken 3000 1000 43 5
4 bulgogi 4000 2000 49 7
5 beef 4000 2000 38 6
6 shrimp 3000 2000 32 21
7 lettuce 1000 500 84 18
8 onion 1000 500 97 4
9 tomato 1000 500 98 4
10 cucumber 500 300 99 3
11 pickle 500 300 198 6
12 cheese 500 200 198 8
13 bacon 1000 500 184 22
14 frenchfries 1000 500 58 7
15 cheesestick 1000 500 70 5
16 chickennugget 1500 1000 99 4
17 coke 1000 300 498 22
18 sprite 1000 300 398 22
19 barbeque 300 100 99 11
20 cheese_sauce 300 100 97 13
21 mayo 300 100 83 27
22 salsa 300 100 98 12
